65,6,101,18
0,65,159,150
0,68,48,80
98,22,177,44
0,0,266,150
43,119,152,150
0,72,85,121
0,0,266,95
106,81,161,97
0,78,182,150
87,22,184,40
175,16,256,22
56,81,80,88
200,19,266,27
40,77,175,150
137,0,266,22
129,43,168,66
126,5,216,17
0,91,155,150
129,45,192,72
0,94,68,150
98,28,131,37
98,22,183,35
104,0,216,17
104,0,160,8
136,39,216,57
183,71,249,105
176,88,247,104
103,22,184,34
0,55,81,80
80,80,112,104
103,22,137,30
0,0,266,105
152,104,232,150
144,70,208,95
49,77,96,91
64,45,112,67
0,72,23,88
0,0,266,79
16,0,266,23
144,70,177,79
0,61,81,80
49,77,112,104
87,22,216,72
53,3,120,17
215,21,266,27
120,39,216,57
184,0,247,7
64,37,159,64
185,48,216,56
58,59,140,90
185,7,266,22
215,44,266,62
64,38,207,95
64,59,153,104
79,9,189,30
0,94,160,150
0,23,119,64
89,38,192,72
99,7,185,18
87,28,119,40
49,78,96,91
80,37,159,64
0,0,266,32
121,97,167,128
16,72,37,90
108,130,141,144
120,90,160,105
0,69,159,150
152,22,266,51
168,0,266,22
122,10,196,20
128,71,146,82
175,19,214,25
64,0,266,23
161,57,266,100
65,59,113,75
0,51,266,150
87,54,208,95
48,0,266,22
88,6,120,17
104,0,266,22
112,32,266,64
49,78,112,104
0,31,29,46
53,3,93,13
90,6,120,14
173,35,266,62
63,44,113,68
25,73,48,80
0,59,241,150
124,13,185,18
106,81,155,96
16,4,94,18
99,59,136,74
116,21,266,60
0,0,204,80
52,59,156,97
124,13,256,22
152,25,176,34
87,29,120,40
0,65,14,81
176,97,215,109
175,131,192,150
0,72,232,150
120,97,163,128
216,50,266,63
0,68,40,80
122,10,196,19
115,22,184,34
188,35,232,44
135,13,266,27
239,10,266,16
176,88,247,103
153,25,184,34
177,111,241,136
135,80,176,105
139,79,176,91
152,89,215,111
152,22,266,62
152,88,247,112
72,53,207,95
0,31,28,44
80,84,112,104
115,22,175,32
64,59,113,75
161,121,226,141
161,106,242,137
52,59,72,72
209,113,242,125
104,24,152,40
160,89,200,107
129,46,168,66
0,72,37,90
192,96,266,150
24,72,47,80
152,89,200,112
80,49,266,150
48,75,121,91
16,0,120,17
190,37,216,43
152,23,187,35
160,89,175,96
0,68,16,85
161,49,191,63
0,26,29,43
48,0,168,14
87,54,152,74
144,0,184,5
87,22,216,57
88,78,121,91
89,37,159,59
104,25,152,40
165,118,226,139
152,106,232,137
159,120,190,150
16,0,94,17
231,58,266,72
176,125,212,150
137,5,215,16
117,83,160,97
160,56,266,150
52,59,71,72
53,5,96,11
87,22,152,40
0,71,155,150
0,0,104,32
126,5,167,10
162,106,250,126
52,59,113,75
104,25,216,57
152,104,242,150
79,112,143,145
177,96,266,150
216,51,266,64
89,38,160,59
115,22,183,37
64,45,88,56
216,0,266,8
144,64,200,74
0,68,48,90
98,22,266,64
0,30,28,44
160,51,266,100
0,94,82,150
216,20,266,27
73,72,159,97
53,4,83,10
64,59,159,97
169,36,216,44
65,6,189,30
61,137,91,150
48,53,207,95
122,88,161,97
80,49,207,95
0,55,24,71
176,111,241,150
48,0,156,14
152,106,241,150
99,7,156,14
134,13,185,18
120,50,266,150
165,42,228,53
160,51,266,150
129,46,200,74
0,55,112,104
126,5,215,16
116,26,183,37
144,0,266,22
16,4,58,13
160,97,216,112
65,56,103,64
0,94,91,150
16,0,266,27
176,136,192,150
144,0,247,7
151,56,192,72
53,60,132,86
98,22,187,44
152,106,232,150
159,120,212,150
37,0,120,7
0,0,189,64
0,68,38,80
152,104,232,128
104,22,266,62
48,0,256,22
139,79,200,107
0,68,232,150
126,5,266,22
52,59,153,104
48,22,216,95
161,57,266,150
98,22,266,62
135,71,249,111
129,46,191,66
89,37,192,72
87,25,152,40
120,39,266,64
152,88,247,111
87,29,192,72
64,45,113,75
0,59,182,150
37,0,266,74
161,106,250,141
151,49,192,72
134,13,256,22
65,54,152,74
103,22,184,40
0,55,112,121
115,22,266,62
120,71,247,128
176,96,266,150
129,43,191,66
120,80,247,128
0,0,189,32
104,22,184,40
89,37,191,66
121,97,242,128
0,72,175,150
49,59,153,104
104,0,184,8
159,120,192,150
115,22,184,37
64,28,159,64
160,89,215,109
43,112,152,150
0,59,175,150
185,48,266,64
139,70,208,95
152,97,241,150
64,45,207,95
104,24,216,57
152,104,242,128
120,88,247,128
48,0,266,27
185,44,266,62
99,7,266,27
121,96,266,150
87,54,247,128
37,0,266,27
49,59,176,105
53,59,136,86
0,68,182,150
136,36,216,57
87,22,266,64
103,21,266,60
185,44,266,72
64,22,216,74
176,71,249,105
53,60,155,96
120,56,266,150
152,22,266,72
48,45,207,95
124,13,266,27
139,51,266,109
103,22,216,57
104,25,266,64
63,28,192,72
160,88,247,109
99,7,256,22
52,59,159,97
0,77,175,150
64,37,159,74
135,80,200,112
64,28,200,74
144,0,266,8
120,71,249,128
53,60,161,97
121,79,247,128
63,37,192,72
135,80,247,112
135,80,215,111
104,0,215,16
104,0,266,8
0,55,96,91
53,59,161,97
48,0,266,72
37,0,266,22
0,50,266,150
0,59,242,150
129,43,192,72
121,79,200,128
48,38,207,95
0,0,266,74
152,96,266,150
48,0,266,64
103,21,266,64
63,37,207,95
121,97,242,150
0,57,266,150
135,80,216,112
64,37,200,74
0,0,266,80
0,49,266,150
0,0,266,104
52,59,160,105
48,22,266,150
0,55,160,121
0,0,207,105
87,21,266,64
139,70,247,109
37,0,266,8
120,57,266,150
121,51,266,150
64,22,266,74
120,79,247,128
63,21,266,72
120,88,266,150
80,49,247,128
49,37,207,105
0,22,266,74
0,55,175,150
87,51,266,150
